5
13
4
2
14
16
10
9
11
7
6
49
46
45
48
44
12
43
41
39
37
29
31
25
30
78
68
79
97
95
94
52
91
86
87
59
96
40
82
93
76
74
27
71
65
62
61
55
51
18
21
20
92
19
63
73
75
83
81
22
89
85
88
98
100
90
99
56
26
33
42
47
15
3
53
58
80
23
101
111
104
103
102
121
34
120
129
122
137
150
148
149
141
136
130
135
125
144
147
131
123
119
118
117
116
114
112
126
133
140
143
153
159
167
178
177
174
181
171
200
197
184
194
195
193
188
187
190
186
170
168
166
165
164
162
157
154
175
185
158
172
176
146
151
113
138
152
139
105
110
183
108
106
217
218
201
248
244
247
250
245
238
241
249
236
235
232
229
246
227
225
223
209
205
210
203
221
208
204
224
206
233
239
242
219
234
243
207
231
220
163
192
198
222
280
230
279
289
295
286
285
283
297
277
276
282
216
275
273
272
271
270
267
281
268
265
260
266
261
262
259
258
257
256
253
252
291
296
290
298
263
299
293
284
278
300
251
288
189
124
132
128
309
308
311
305
304
303
322
321
306
310
350
345
347
340
343
342
339
338
255
362
363
307
371
325
351
400
397
398
390
379
387
376
386
373
368
361
358
356
354
323
357
378
364
318
317
316
315
314
355
352
324
360
374
313
396
382
370
384
385
329
326
369
327
328
331
332
333
341
330
344
346
348
349
320
301
302
427
434
450
443
442
428
422
437
441
440
418
420
419
421
459
500
478
499
497
493
492
491
468
488
487
486
485
484
460
483
476
482
481
480
319
503
501
510
506
505
502
504
473
507
472
471
469
467
461
453
411
402
403
462
464
466
451
452
412
416
409
465
457
509
508
463
474
470
413
475
495
425
424
426
429
496
494
444
431
439
433
447
435
455
438
445
404
401
446
408
498
430
477
490
417
489
458
415
335
337
423
479
383
399
380
334
395
391
388
375
372
366
406
392
353
394
10
2
14
12
6
50
8
48
43
45
44
46
3
39
38
36
35
25
23
19
21
17
16
22
42
34
20
5
27
9
13
11
24
1
4
37
32
18
26
40
15
55
53
64
59
62
56
97
65
95
94
63
92
93
89
91
87
86
61
88
98
84
90
82
80
83
77
79
78
81
67
85
100
73
72
75
76
66
69
60
52
71
54
57
99
68
58
74
70
103
102
101
111
109
105
110
123
122
121
51
148
146
144
143
141
138
136
135
133
131
127
112
120
142
128
145
118
124
119
126
113
130
134
139
147
107
108
114
116
137
117
106
150
125
132
140
149
161
160
151
153
169
155
177
180
152
196
197
193
194
187
190
186
184
171
173
163
172
188
183
191
195
164
198
199
179
182
181
200
167
154
170
208
207
231
250
245
244
238
240
239
237
243
221
219
212
211
210
215
214
220
203
205
234
209
235
222
249
230
223
229
218
201
224
225
156
158
228
217
246
247
242
241
263
261
258
257
293
262
299
294
300
291
289
288
287
290
285
284
278
309
279
283
282
305
317
331
324
303
307
339
347
343
348
281
342
337
334
326
321
319
318
313
315
322
312
314
302
301
277
276
310
266
256
351
264
365
364
265
367
382
380
398
395
394
399
390
392
388
393
385
384
383
379
374
372
361
358
357
368
316
376
389
391
397
400
252
352
253
268
254
270
271
274
269
273
408
407
443
401
442
449
450
446
445
251
441
440
439
438
437
435
434
426
425
420
416
412
418
403
483
481
494
500
417
492
495
487
489
485
410
488
472
464
469
459
457
458
475
477
484
491
496
493
498
499
497
402
482
451
404
405
470
409
456
413
414
411
432
415
448
444
447
428
436
275
320
323
325
328
424
311
335
336
333
341
345
349
346
350
338
340
332
304
306
460
308
292
296
297
286
429
280
255
267
327
422
260
433
423
259
298
454
476
471
466
478
486
467
465
272
366
363
377
396
373
369
295
159
168
360
359
216
178
175
174
463
166
176
473
3
11
2
1
14
8
50
49
7
22
6
47
39
45
44
42
40
37
35
33
20
23
31
17
16
19
30
25
27
18
38
29
15
24
21
48
46
13
34
26
10
43
41
32
9
5
54
67
64
61
53
66
65
63
97
94
89
85
87
86
84
79
75
73
57
74
83
82
78
90
77
69
52
92
93
95
98
76
55
59
62
56
91
71
70
99
68
114
113
123
146
51
145
140
139
138
104
137
144
134
133
136
135
127
124
117
116
119
115
118
112
72
105
128
126
103
125
142
147
131
120
150
143
149
122
102
121
81
58
88
109
162
160
197
172
156
157
155
194
195
191
187
184
179
181
188
177
171
176
174
175
132
170
169
168
217
216
250
215
249
247
239
231
235
234
233
290
230
238
299
297
292
291
294
288
284
283
282
278
281
277
318
326
350
347
280
346
344
343
337
345
336
340
339
341
334
331
330
335
327
322
328
329
320
314
313
315
310
319
306
305
338
304
303
301
273
272
271
269
268
267
302
266
265
264
270
263
262
261
260
258
255
254
252
228
227
225
224
222
218
221
214
201
166
203
204
251
207
259
220
167
202
205
165
211
212
213
206
223
226
309
208
209
256
253
348
308
311
342
333
317
323
324
321
349
312
286
285
257
400
399
397
394
274
275
392
390
450
449
445
444
440
446
439
438
325
437
435
433
432
457
500
499
466
496
498
483
495
490
494
497
492
487
484
479
474
473
469
506
501
468
467
486
465
464
463
460
462
459
461
482
488
454
453
452
428
423
421
418
416
414
413
411
409
408
405
404
406
402
401
388
385
383
382
379
377
366
361
360
363
362
365
359
353
356
364
355
369
371
372
354
352
351
374
370
375
378
381
384
387
357
410
389
419
412
426
420
424
422
504
471
503
415
510
505
475
478
480
491
455
451
430
508
434
447
436
441
448
393
391
298
395
396
237
229
232
245
182
183
192
190
186
158
163
196
193
159
151
198
200
246
154
244
153
180
178
173
248
161
242
442
456
489
481
472
243
502
458
403
429
380
376
368
373
367
407
358
386
293
164
332
427
425
276
210
219
152
307
